Date,Open,High,Low,Close,Volume,Returns
2022-01-24,3249.275275556285,3251.263816116601,3117.0373282952737,3137.07177734375,1575665,-3.4531853627983415
2022-01-25,3082.237887651097,3138.861531909753,2993.4992645953357,3129.068115234375,2699779,1.5193579889113042
2022-01-27,3122.1080778740607,3124.9913644734993,3053.652474749995,3099.090576171875,1834684,-0.7372423096210999
2022-01-28,3112.0658125283217,3151.8366216341146,3085.2205163819112,3093.025634765625,892060,-0.6118179662539955
2022-01-31,3122.008665685225,3175.1523633728193,3118.429195596013,3134.1884765625,944530,0.3901273885350277
2022-02-01,3175.6991712394897,3193.9441273819807,3123.5995073553077,3177.936279296875,1008915,0.07044458359423672
2022-02-02,3186.4373455587843,3225.5617342489004,3173.8596812519763,3179.3779296875,667265,-0.22154572978262374
2022-02-03,3194.4413644274136,3223.0266349615995,3171.9209969528124,3184.647705078125,899753,-0.3065844143626692
2022-02-04,3169.733585330004,3230.185265618653,3157.8521042846637,3218.104736328125,705765,1.5260320684990578
2022-02-07,3215.4700409602874,3232.571440990944,3125.09097085746,3156.509765625,860393,-1.8336440577651645
2022-02-08,3160.7850524928704,3205.0300776064073,3148.0583450354575,3197.921142578125,799206,1.1749008385105428
2022-02-09,3211.4929879193746,3240.3268258914063,3204.2845284263667,3209.8525390625,472725,-0.05108056791795839
2022-02-10,3201.550303333655,3229.38987118873,3157.802410989965,3220.19287109375,728666,0.5822981366459634
2022-02-11,3211.4432743920065,3211.4432743920065,3164.265197683462,3197.87158203125,587840,-0.4226041440300987
2022-02-14,3122.0085369417793,3164.4638274148974,3102.1231322478825,3125.438720703125,681236,0.10987105642913417
2022-02-15,3122.008604375087,3251.2637376772404,3114.8996691401735,3245.894775390625,676844,3.968155976313698
2022-02-16,3261.2064990482354,3266.2773745428526,3204.5330934245317,3234.212158203125,624320,-0.8277409251143264
2022-02-17,3254.246630727158,3276.070814853556,3217.8562413345103,3247.1376953125,636735,-0.21845103402840282
2022-02-18,3217.6075104600022,3253.2521953325827,3211.542607696887,3239.77978515625,423801,0.6890919611596111
2022-02-21,3216.464296070249,3259.665290385653,3185.790961405146,3233.018798828125,547472,0.5146801342735757
2022-02-22,3102.123218185309,3218.254033363163,3102.123218185309,3208.6591796875,1147209,3.434291741786871
2022-02-23,3218.3532817041632,3278.0094968260555,3211.49291406185,3218.651611328125,935896,0.00926963567541576
2022-02-24,3112.0658096613993,3179.4773795819683,3034.015596863182,3051.465087890625,1823450,-1.9472827850439252
2022-02-25,3087.209291103809,3123.4503951031948,3065.385106499272,3101.327880859375,1239456,0.45732531954508554
2022-02-28,3072.295081135146,3172.2192415409977,2997.724812175555,3156.4599609375,1678348,2.739479040250808
2022-03-02,3089.1978160135845,3093.3737027170023,2973.961985567334,3011.594970703125,3014206,-2.5120710919898657
2022-03-03,3011.644530506825,3033.5184755946925,2845.6014018852866,2855.444580078125,4406840,-5.186533432032013
2022-03-04,2847.391137742893,2847.391137742893,2646.7971185219285,2722.4609375,6979253,-4.387532102172811
2022-03-07,2634.7165819056713,2712.319421803181,2584.456416038858,2692.93115234375,3233760,2.20951926434427
2022-03-08,2674.5871231727774,2721.268065491695,2622.885067260144,2707.795654296875,2611102,1.241632057388483
2022-03-09,2734.2432718979912,2873.441111194616,2649.780060101714,2858.477294921875,4076068,4.543634588068164
2022-03-10,2982.8109178331197,3022.5817300708945,2874.6342599980167,2896.110595703125,3971987,-2.9066650390625037
2022-03-11,2900.286385363154,2923.104839572457,2865.8350175120254,2915.200439453125,1265493,0.5142269454919268
2022-03-14,2933.0972667341757,2955.3193041398667,2900.5846777834745,2945.823974609375,1214217,0.433899960275429
2022-03-15,2980.8223536590567,3014.6275437939494,2949.0057041203345,2970.034423828125,1857685,-0.36191119600566535
2022-03-16,3025.5643385988096,3032.52423027485,2993.499123377051,3024.570068359375,1287234,-0.03286230693395502
2022-03-17,3095.6604338784923,3145.1751410448464,3058.8724345036717,3118.628173828125,2867519,0.7419334400594078
2022-03-21,3099.4386682165755,3099.4386682165755,3012.7383518224865,3028.298583984375,1259015,-2.2952570399831353
2022-03-22,3006.673383097913,3045.1515951070614,2957.954138464382,3033.667724609375,1515772,0.8978142309441224
2022-03-23,3042.467076259874,3062.2529578617186,2987.782210510105,2999.5146484375,948403,-1.4117631101919972
2022-03-24,2952.4855339411424,3021.537554876613,2933.644161082462,3008.015625,1243917,1.8807913000926009
2022-03-25,3008.0156073962507,3046.9909527705,2973.8623271046135,3029.49169921875,1083275,0.7139621140825476
2022-03-28,3029.491786117124,3041.0751805433765,2978.4856721202596,3010.103515625,680332,-0.6399842567975291
2022-03-29,3051.4153854486544,3070.008190503395,2995.437922041795,3025.166748046875,1120936,-0.8602118717416132
2022-03-30,3060.3638467317733,3076.6202625075116,3038.390376986345,3063.8935546875,849545,0.11533621923733625
2022-03-31,3097.1519566247007,3111.320308272181,3048.5322364890017,3062.302734375,1464862,-1.1252022095706158
2022-04-01,3092.180516132654,3103.1174890192965,3069.958478670815,3096.306640625,637392,0.13343737439710318
2022-04-04,3107.0448955952775,3124.991522886265,3075.77514350896,3100.134765625,873264,-0.222401999407014
2022-04-05,3092.1806255046263,3138.9113294913523,3062.352516576929,3122.80419921875,805874,0.9903552677853718
2022-04-06,3119.0258720170564,3146.8654398896983,3095.163385269078,3135.928466796875,736379,0.5419190309212734
2022-04-07,3135.9283371818046,3190.5634383253173,3127.477040141207,3136.922607421875,1025244,0.03170577045022318
2022-04-08,3149.8483114035084,3201.5503670199805,3133.1445218098324,3187.879150390625,678898,1.2073863636363746
2022-04-11,3165.75656702298,3203.5388376093097,3131.951377551001,3139.358642578125,672652,-0.8338583174662489
2022-04-12,3136.6244223079507,3143.9821680685022,3096.306713667283,3110.7236328125,794265,-0.8257536130638393
2022-04-13,3099.3391611830057,3104.012182789196,3048.5320972754907,3062.99853515625,1121350,-1.1725282112359914
2022-04-18,3038.489866049292,3040.4784065375443,2995.7362455518705,3004.2373046875,1032504,-1.127288978137277
2022-04-19,3012.6390155693516,3041.671659844306,2952.9827974392656,2974.061279296875,749782,-1.280529664294542
2022-04-20,2974.160670977868,3071.797961754417,2962.9253685153467,3065.335205078125,838182,3.065555098954352
2022-04-21,3072.096301897097,3156.211420357581,3068.3677884172416,3140.154052734375,1069035,2.215352129269211
2022-04-22,3103.6147006160304,3155.1179500267613,3095.4119707489526,3146.268798828125,681191,1.3743361314672298
2022-04-25,3116.043019470265,3137.0222192187966,3077.3660031472537,3112.66259765625,1096774,-0.10848443981333611
2022-04-26,3112.0658953583247,3130.658700561794,3088.004603757261,3107.74072265625,1703441,-0.13898075579073565
2022-04-27,3078.2606471240438,3145.8710230944685,3068.2681827153574,3130.310791015625,963536,1.6908946271398626
2022-04-28,3171.7222058970674,3249.2752880475286,3151.836800217462,3229.091552734375,2001838,1.8087758988048472
2022-04-29,3230.3840488504493,3259.217886159364,3202.842811417528,3218.651611328125,1088970,-0.3631901763042492
2022-05-02,3176.69344367981,3193.098902778626,3135.978125555646,3181.664794921875,595522,0.15649452269168856
2022-05-04,3159.790860652659,3176.3951253116384,3063.7940192798847,3083.0830078125,1120002,-2.427624365756752
2022-05-05,3086.96049102773,3109.033241545589,3052.409600597514,3058.922119140625,724601,-0.9082841185884485
2022-05-06,3002.6962870389557,3034.910547458824,2986.688438213331,2998.9677734375,923941,-0.12417218543046463
2022-05-09,2983.656069579433,3021.38857819179,2957.9540857210823,2988.03076171875,998324,0.14662186382406397
2022-05-10,3033.5184659645984,3120.7656784812793,3018.6044125429435,3068.666015625,2460016,1.1586397134136257
2022-05-11,3072.6927528243423,3091.7331741864573,2961.931141572225,3036.1533203125,1883969,-1.1891664885223603
2022-05-12,3024.5700408018706,3060.363769095384,2970.8794483616007,3022.53173828125,1254245,-0.06739148021449773
2022-05-13,3056.784405455616,3098.3947131403434,3017.908583741256,3046.444091796875,1121729,-0.33827422176997024
2022-05-16,3072.1955028134503,3072.1955028134503,2968.095457730748,2982.711181640625,733044,-2.912715713921118
2022-05-17,2981.7171046514977,3039.08669513718,2934.09165439293,3032.5244140625,1179081,1.7039614298667891
2022-05-18,3012.638958387968,3110.872910926002,3008.6618772547827,3082.33740234375,1379763,2.313534576113852
2022-05-19,2983.3078525319747,3054.0998450102106,2983.258090471666,3029.44189453125,772390,1.5464056771787957
2022-05-20,3062.352512549697,3107.094675882404,3052.4098095868735,3092.130859375,778957,0.9724010120738696
2022-05-23,3125.936019141562,3169.7336738165213,3112.115759253938,3156.0126953125,813294,0.9621654437827374
2022-05-24,3156.559591139108,3165.408499589652,3052.409778658811,3069.163330078125,691307,-2.7687188705803636
2022-05-25,3021.5873826943475,3021.5873826943475,2810.1061425625144,2821.788818359375,3381427,-6.61237088423411
2022-05-26,2833.670368583029,2843.613071630689,2702.9735855698964,2823.876708984375,3212196,-0.3456174616227929
2022-05-27,2851.5671401551526,2852.561410427173,2765.0656264893582,2818.607177734375,1879534,-1.1558543355561424
2022-05-30,2863.498318829114,2867.4753998274878,2800.8592931047274,2827.70458984375,2525482,-1.2500000000000007
2022-05-31,2827.70465988328,2861.509849206779,2794.893740834001,2843.264892578125,2408221,0.5502778601881079
2022-06-01,2843.264941345277,2923.055132220023,2815.8232269511736,2836.156005859375,1770795,-0.2500271917163752
2022-06-02,2853.754404685526,2902.2748411224616,2831.6816538255466,2891.884765625,1164197,1.3361472478804939
2022-06-03,2888.3550309173766,2902.722187256032,2839.635789432023,2870.358642578125,1228489,-0.6230670449655796
2022-06-06,2854.649384674339,2855.5441307941105,2791.61250577986,2801.306640625,1193698,-1.8686268210631618
2022-06-07,2783.9568287282373,2787.933909912135,2715.3521783060055,2728.9736328125,1403598,-1.9750017438616176
2022-06-08,2756.017731242972,2759.100066251529,2684.529794190677,2689.699951171875,1743575,-2.406290036500867
2022-06-09,2680.0,2697.60009765625,2633.75,2686.800048828125,1857501,0.2537331652285448
2022-06-10,2665.0,2736.0,2652.0,2708.75,1592920,1.6416510318949344
2022-06-13,2669.949951171875,2683.0,2642.5,2660.75,1674206,-0.34457391861735176
2022-06-14,2617.0,2666.35009765625,2585.0,2635.39990234375,2296040,0.7030914155043944
2022-06-15,2650.0,2683.60009765625,2627.10009765625,2661.14990234375,928842,0.42075103183962265
2022-06-16,2694.949951171875,2725.449951171875,2640.0,2657.449951171875,1280628,-1.3914915185602412
2022-06-17,2650.10009765625,2657.0,2560.0,2580.199951171875,2043251,-2.637641745917248
2022-06-20,2600.0,2673.35009765625,2588.35009765625,2660.699951171875,1595360,2.334613506610577
2022-06-21,2674.949951171875,2710.0,2640.0,2678.35009765625,1042074,0.12711065801008434
2022-06-22,2688.0,2707.949951171875,2626.35009765625,2666.35009765625,1871760,-0.8054279145740327
2022-06-23,2674.949951171875,2767.949951171875,2674.949951171875,2758.199951171875,1612872,3.1122077616266735
2022-06-24,2775.0,2784.800048828125,2726.0,2760.89990234375,2215583,-0.5081116272522523
2022-06-27,2779.89990234375,2827.64990234375,2765.0,2820.949951171875,1295734,1.4766736310726678
2022-06-28,2780.0,2784.800048828125,2704.300048828125,2726.5,1838358,-1.9244604316546763
2022-06-29,2706.5,2719.0,2678.0,2697.800048828125,1066354,-0.3214465609412525
2022-06-30,2714.85009765625,2726.949951171875,2680.0,2695.199951171875,1291447,-0.7238022644911082
2022-07-01,2704.89990234375,2780.0,2685.0,2773.14990234375,1477191,2.523198730602287
2022-07-04,2775.14990234375,2798.0,2744.800048828125,2790.300048828125,653147,0.545921734590984
2022-07-05,2785.0,2812.300048828125,2760.0,2766.60009765625,1073043,-0.6606787197037702
2022-07-06,2830.550048828125,2869.0,2805.14990234375,2861.39990234375,2085735,1.0898889962534715
2022-07-07,2901.39990234375,2932.0,2876.800048828125,2891.39990234375,1469087,-0.34466120964304175
2022-07-08,2880.0,2888.0,2840.5,2879.800048828125,1274148,-0.0069427490234375
2022-07-11,2874.0,2940.550048828125,2851.35009765625,2933.050048828125,1081885,2.0546293955506263
2022-07-12,2920.0,2923.25,2885.39990234375,2893.199951171875,1115524,-0.9178098913741437
2022-07-13,2949.0,2968.949951171875,2926.050048828125,2941.199951171875,2153712,-0.2644980952229569
2022-07-14,2952.10009765625,2954.85009765625,2912.39990234375,2939.14990234375,882479,-0.4386773782766208
2022-07-15,2949.949951171875,2985.0,2940.449951171875,2978.14990234375,1668006,0.9559467665094622
2022-07-18,2994.75,3025.0,2988.39990234375,3017.85009765625,823390,0.7713531231738876
2022-07-19,2983.449951171875,3023.0,2978.14990234375,3019.10009765625,638171,1.1949302675706663
2022-07-20,3033.0,3044.699951171875,3000.0,3006.449951171875,867436,-0.8753725297766237
2022-07-21,2981.0,3084.949951171875,2981.0,3066.10009765625,1184060,2.85475000524153
2022-07-22,3066.10009765625,3092.75,3048.0,3067.39990234375,1268141,0.04239276755816226
